1
1
0
0
0
3
1
0
0
2
0
0
0
1
0
0
0
0
2
2
0
0
0
0
0
0
2
0
0
0
0
2
0
1
0
1
0
0
0
0
0
0
0
0
0
3
0
0
0
0
0
0
0
0
0
0
0
0
0
0
0
0
0
0
0
0
0
0
0
0
0
0
0
0
0
0
0
0
0
0
0
0
0
0
0
0
0
0
0
0
0
0
0
0
0
0
0
0
0
0
0
0
0
0
AF1001
上海
南昌
2023
5
28
17
0
2023
5
28
18
45
380.000000
AF1005
北京
郑州
2023
5
28
21
10
2023
5
28
23
0
770.000000
AF1017
成都
贵阳
2023
5
28
18
50
2023
5
28
20
10
670.000000
AF1016
成都
昆明
2023
5
28
9
45
2023
5
28
11
30
500.000000
AF1015
成都
西安
2023
5
28
7
20
2023
5
28
8
40
560.000000
AF1002
天津
沈阳
2023
5
28
9
35
2023
5
28
10
50
450.000000
AF1014
西安
成都
2023
5
28
21
45
2023
5
28
23
20
640.000000
AF1013
西安
兰州
2023
5
28
22
25
2023
5
28
23
30
540.000000
AF1003
沈阳
天津
2023
5
28
16
45
2023
5
28
18
25
450.000000
AF1010
郑州
成都
2023
5
28
10
20
2023
5
28
12
10
470.000000
AF1006
郑州
北京
2023
5
28
9
45
2023
5
28
11
25
460.000000
AF1019
昆明
贵阳
2023
5
28
20
15
2023
5
28
21
30
600.000000
AF1018
昆明
成都
2023
5
28
7
50
2023
5
28
9
25
500.000000
AF1021
贵阳
昆明
2023
5
28
22
10
2023
5
28
23
25
510.000000
AF1020
贵阳
成都
2023
5
28
22
35
2023
5
28
23
55
620.000000
AF1009
福州
郑州
2023
5
28
7
40
2023
5
28
10
10
580.000000
AF1012
福州
成都
2023
5
28
10
30
2023
5
28
12
55
630.000000
AF1000
南昌
上海
2023
5
28
14
20
2023
5
28
15
50
380.000000
AF1011
兰州
西安
2023
5
28
13
40
2023
5
28
15
0
500.000000
AF1008
海口
郑州
2023
5
28
8
30
2023
5
28
10
45
620.000000
AF1007
海口
成都
2023
5
28
13
30
2023
5
28
15
10
1280.000000
AF1004
海口
福州
2023
5
28
6
45
2023
5
28
7
30
320.000000