3
0
1
0
3
0
3
1
0
0
0
0
0
1
0
0
0
0
0
0
0
0
0
0
0
0
0
0
0
0
0
2
0
3
0
0
0
0
0
0
0
0
0
0
0
0
0
3
0
0
0
0
0
0
0
0
0
0
0
0
0
0
0
0
0
0
0
0
0
0
0
0
5
0
0
0
0
0
0
0
0
0
0
0
0
0
0
0
0
0
0
0
0
0
0
0
0
0
0
0
0
0
0
0
T122
上海
武汉
2023
5
28
10
40
2023
5
28
15
15
310.300000
T113
上海
徐州
2023
5
28
13
44
2023
5
28
22
48
158.000000
T112
上海
南昌
2023
5
28
6
25
2023
5
28
10
12
184.000000
T121
深圳
上海
2023
5
28
7
30
2023
5
28
10
30
200.000000
T102
广州
株洲
2023
5
28
7
48
2023
5
28
15
16
158.000000
T101
广州
深圳
2023
5
28
6
0
2023
5
28
7
26
143.500000
T124
广州
福州
2023
5
28
6
0
2023
5
28
7
15
110.000000
T119
天津
北京
2023
5
28
1
42
2023
5
28
4
26
67.500000
T118
天津
沈阳
2023
5
28
1
49
2023
5
28
9
7
163.000000
T117
天津
徐州
2023
5
28
6
4
2023
5
28
15
27
163.000000
T123
武汉
成都
2023
5
28
15
30
2023
5
28
18
25
201.200000
T120
沈阳
天津
2023
5
28
1
22
2023
5
28
10
5
163.000000
T111
福州
南昌
2023
5
28
11
30
2023
5
28
18
12
133.000000
T125
福州
成都
2023
5
28
8
30
2023
5
28
18
30
730.000000
T110
南昌
上海
2023
5
28
16
59
2023
5
29
4
55
184.000000
T109
南昌
福州
2023
5
28
6
48
2023
5
28
10
25
133.000000
T108
南昌
株洲
2023
5
28
0
28
2023
5
28
4
57
133.000000
T116
徐州
郑州
2023
5
28
19
3
2023
5
28
23
43
91.500000
T115
徐州
天津
2023
5
28
1
42
2023
5
28
8
5
158.000000
T114
徐州
上海
2023
5
28
0
14
2023
5
28
9
33
158.000000
T107
株洲
柳州
2023
5
28
5
16
2023
5
28
13
53
152.000000
T106
株洲
贵阳
2023
5
28
0
31
2023
5
28
13
42
200.000000
T105
株洲
武汉
2023
5
28
3
37
2023
5
28
8
47
110.500000
T104
株洲
南昌
2023
5
28
4
5
2023
5
28
9
0
99.500000
T103
株洲
广州
2023
5
28
0
38
2023
5
28
8
5
158.000000
